10247
11090
11211
11212
11214
11458
11476
11477
14704
14719
14769
15068
15070
15100
15379
15392
15535
15573
15712
18651
18654
18674
18677
20482
22388
22885
2357
2412b
2420
24201
24246
2429
2430
2431
2432
2436
2445
2450
2454
2456
24866
25269
2540
26047
2654
26601
26603
26604
2780
27925
28192
2877
3001
3002
3003
3004
3005
3008
3009
3010
30136
3020
3021
3022
3023
3024
3031
3032
3034
3035
3037
30374
3039
3040
30413
30414
3062b
3065
3068b
3069b
3070b
32000
32013
32028
32054
32062
32064
32073
32123
32140
32184
32278
32316
3245c
32523
32524
32525
32526
32607
32952
33291
33909
34103
3460
35480
3622
3623
3660
3665
3666
3673
3700
3701
3705
3710
3713
3749
3795
3832
3937
3941
3958
4032
40490
4070
4073
4081b
4085
4162
41677
41740
41769
41770
42003
4274
4286
43093
43722
43723
44728
4477
4519
4589
4599b
4740
47457
48336
4865
48729
49668
50950
51739
53451
54200
59443
60470
60474
60478
60479
60481
60483
60592
60601
6091
61252
6134
61409
61678
62462
63864
63868
63965
64644
6536
6541
6558
6632
6636
85080
85861
85984
87079
87083
87087
87552
87580
87620
87994
88072
88323
92280
92946
93273
98138
98283
99206
99207
99563
99780
99781
